10000 3.947270 0.047113 0.020942
20000 15.657859 0.113729 0.045934
30000 34.975739 0.205586 0.072648
40000 66.950114 0.374861 0.131040
50000 120.728883 0.444010 0.126003
60000 160.893210 0.591589 0.155241
70000 206.337392 0.744591 0.186673
80000 271.278879 0.954822 0.206697
90000 339.143362 1.134990 0.248910
100000 427.317692 1.504477 0.307064
10000 0.006969 0.052244 0.040816
20000 0.005179 0.077840 0.059591
30000 0.004203 0.151686 0.082293
40000 0.004946 0.173982 0.107512
50000 0.006526 0.230556 0.129674
60000 0.008249 0.318792 0.160697
70000 0.008406 0.394410 0.194489
80000 0.011058 0.498402 0.224604
90000 0.011203 0.579251 0.249711
100000 0.013263 0.718687 0.280492
10000 8.543644 0.029036 0.022813
20000 32.713621 0.070705 0.046525
30000 78.661961 0.122259 0.074138
40000 143.501623 0.174442 0.101810
50000 206.987935 0.248742 0.129135
60000 291.722240 0.297919 0.157569
70000 393.589799 0.404902 0.184221
80000 507.207672 0.494249 0.217734
90000 633.894191 0.598847 0.242561
100000 783.668586 0.737895 0.28071
